[0.5960039690782191, 0.44811745843035306, 1.0]
[0.18640665374815316, 0.46876576965724237, 0.4453190674266073]
[0.9509084887618671, 0.5140474453383879, 0.5898186190430353]
[0.7282287872550938, 0.7121988800893241, 0.6958798551360236]
[0.6915106592639868, 0.735432211480965, 0.9098134932115893]
[0.8251941554400926, 0.767643203827988, 0.8930433539976662]
[0.7597057869660878, 0.7655415982087472, 0.8108543457104582]
[0.7874924456670342, 0.8932524056115647, 0.9065305680871059]
[0.801688425360143, 0.9304160661824932, 0.9560669104281052]
[0.7854542528266915, 0.9036835923383234, 0.8486765163294661]
[0.79099973696263, 0.9690502064544373, 0.9295928075737612]
[0.7900508609253092, 0.8696235326430433, 0.8937247679527598]
[0.803251691283765, 0.8631947620339595, 0.9042389169068279]
[0.8186699119262671, 0.8393151025034199, 0.9399926334947295]
[0.8295558511721066, 0.8525022130241164, 0.9020663929274595]
[0.7914583251623262, 0.8411638141670114, 0.8542654251309757]
[0.7877272467041808, 0.8043953341151088, 0.8570981647474125]
[0.7681145685113255, 0.8638130589836991, 0.8856817034373624]
[0.81386007780151, 0.7888707529653994, 0.8211863309702906]
[0.8170795248760133, 0.8327195567427401, 0.8296425946932123]
[0.7797219909703468, 0.8341239413124276, 0.8244586494147621]
[0.7155558405232302, 0.8213602539160891, 0.8163587406036045]
[0.7413131529096584, 0.8192256949006073, 0.8385649888548469]
[0.7513452887348906, 0.8270906915571257, 0.8366043182083819]
[0.7554694235346473, 0.8260494775664758, 0.7980234054643646]
[0.7525437464679271, 0.7989608224782447, 0.8191832616780707]
[0.7488002665590086, 0.7624624758267924, 0.8092695008182221]
[0.7130413194095495, 0.75688209546388, 0.7771759800607182]
[0.7260082638958751, 0.7611011773953753, 0.7887831835723256]
[0.7496635488709882, 0.7935005441028795, 0.8488410887064826]
[0.7328931583529157, 0.7700715269143592, 0.8001496398290023]
[0.7402026963976918, 0.7840956825195826, 0.8034356768193047]
[0.7151075536999901, 0.7852665599286717, 0.8125088042458214]
[0.689700818954105, 0.7677916320008417, 0.7959603650326371]
[0.7265052927509228, 0.7711249649004386, 0.7883445276616692]
[0.7241758283320662, 0.7810488539057004, 0.7847823512565361]
[0.7292573614231538, 0.7614872807633115, 0.7853644491958707]
[0.7373649119830963, 0.7462514126337794, 0.8028572173800311]
