[0.34142570759383983, 0.6611409663819091, 0.36601891429971795]
[0.5005772351188381, 0.6098663925000134, 0.7307431484744491]
[0.7412878681991759, 0.613412689578171, 0.7642261014164875]
[0.736606539505201, 0.729859075187667, 0.6976151237099717]
[0.7917478328205191, 0.6756821917400901, 0.8075988667185416]
[0.7907724994596563, 0.6353716789366787, 0.7643036780276465]
[0.7254625666026365, 0.773801442818203, 0.8689268363546332]
[0.7367950655652191, 0.821081512369209, 0.8409412630291685]
[0.7347742008008804, 0.8049130855471371, 0.8677335966634343]
[0.7596977505380723, 0.8578260653331696, 0.817770149152237]
[0.767363456715202, 0.8273247260656317, 0.8482773388894237]
[0.7844438179233744, 0.8470399611989698, 0.8635666503768615]
[0.7596023502554454, 0.7982006656731822, 0.8221740078151172]
[0.7407051469169283, 0.8439586333800475, 0.8571400048290443]
[0.7323938848091348, 0.8208697323851021, 0.8589741316858355]
[0.7459154107026436, 0.846640145474786, 0.8423513212769732]
[0.7186432758336756, 0.8257328188509138, 0.833893108986905]
[0.7739923786840244, 0.7922553864689406, 0.8421187640124886]
[0.7614994652334499, 0.8449111916049391, 0.8122503999138093]
[0.7444149661948672, 0.7718751345321129, 0.7988056678439562]
[0.6896083552335942, 0.7611615926605283, 0.8100397842344603]
[0.7526791756238597, 0.7887087903053662, 0.8057803553876173]
[0.7230053352464333, 0.7930594390524092, 0.8196400242997601]
[0.73054910265679, 0.7692728659834209, 0.8019896941575729]
[0.6657028003257282, 0.7433072838716421, 0.7983889081040362]
[0.6978874480528048, 0.7657616455794602, 0.8236843497385787]
[0.6911579474286678, 0.7833784010523536, 0.7552324171083148]
[0.7073527475262911, 0.734482346011222, 0.7760667890802111]
[0.7213660620086523, 0.7610573371841887, 0.8145394771140281]
[0.7138581538062989, 0.7402279416417409, 0.8036116332715671]
[0.7566802120847189, 0.7473600793126439, 0.7882704517199631]
[0.69493584594713, 0.7559127456459682, 0.7822130589534777]
[0.6743159584966276, 0.7405285287135323, 0.7769778519196491]
[0.723571633925333, 0.7728832780944432, 0.7596806335204604]
[0.7302975836774759, 0.7417121871560561, 0.7406361108488722]
[0.7059597157299246, 0.7526639507040226, 0.7775870791991071]
[0.03651671411218733, 0.24067313386153388, 1.0]
[0.3794246083093841, 0.31209758984096014, 0.48640141068945]
