[0.4504371737868577, 0.17804153873770895, 0.11191625893918625, 0.29450470168240367]
[0.5979111373069848, 0.17683255561249303, 0.4040330133140222, 0.5316593849661028]
[0.5116530185726952, 0.44899747853557453, 0.7394792909205309, 0.7705636508750375]
[0.6561079933777746, 0.6357041650022782, 0.6637812046050029, 0.6748768529069427]
[0.6116655850648737, 0.6578360685722264, 0.7147512992616849, 0.6233730654418811]
[0.797813864628273, 0.762951651149528, 0.6764729330332642, 0.9742098408246754]
[0.7592648055541608, 0.7205950993801894, 0.7847441367969072, 0.9739215562155166]
[0.8121203838506852, 0.7321803508897924, 0.7738114696589343, 0.8737820781125255]
[0.8638677028699763, 0.88397161055953, 0.9003026897173364, 0.8279156045130537]
[0.7529189995524387, 0.786663106675191, 0.8777666052517791, 0.9378187245372733]
[0.8244252650784295, 0.7934956166627705, 0.8407754639148753, 0.9714177100008176]
[0.7883271908900995, 0.8218386473923371, 0.8482035465099388, 0.8754320889341968]
[0.7885923849759284, 0.7952906232462899, 0.8674267431424608, 0.936573084311654]
[0.8176602169613171, 0.8683146444047934, 0.8673282691803939, 0.893687826232755]
[0.7792690595660019, 0.8172645984465939, 0.8641177491553463, 0.841880012476265]
[0.7991411885358465, 0.7674618394660976, 0.8725432130181677, 0.8796512996798836]
[0.7524288882740514, 0.8283523967274439, 0.8766401447915064, 0.8974529577745822]
[0.7625773744072778, 0.7803298197907864, 0.8382751815112279, 0.899915160872898]
[0.7909523030801163, 0.778764120697943, 0.7997961922175317, 0.8441610659695296]
[0.7497811240823821, 0.7792993935472543, 0.8257314815308661, 0.8778670225402697]
[0.7832649008586193, 0.8022630509276518, 0.8265429020200414, 0.8293532823712185]
[0.7614531747417254, 0.7607421058253123, 0.838333246578967, 0.8526214135471908]
[0.7858445215413666, 0.764655840596475, 0.8185196128562876, 0.8403557635902235]
[0.7544501318304279, 0.7545431763131456, 0.8322770072948903, 0.8051267044281457]
[0.7314090471391741, 0.7525608699577547, 0.7910753669640205, 0.8323370989305663]
[0.784609925410786, 0.7870825510908168, 0.7715556690595748, 0.8286900589143424]
[0.7679721224938788, 0.7572998370809841, 0.8081119875284406, 0.8046527994451601]
[0.7326681506797376, 0.7479436174907621, 0.816723065247197, 0.7965594861132882]
[0.8114111270205381, 0.7156171620471672, 0.8029303105732062, 0.7888153750928707]
[0.7451535597348835, 0.7531864667068349, 0.8030045549549557, 0.8398071866098404]
[0.770301629584777, 0.7423870605087781, 0.8309397376095151, 0.8369691948399263]
[0.7664603838850594, 0.7417295452295469, 0.8176083713621456, 0.8162444377329595]
[0.7439023634177871, 0.7897050305310408, 0.788971242189271, 0.8166384453758385]
[0.7743817150104438, 0.7531098739595159, 0.7503432243066349, 0.8117498966535847]
[0.7382684230305188, 0.7794659378906026, 0.7757034932891784, 0.8021335105736904]
[0.722576051562334, 0.7339953227492657, 0.8046920707606422, 0.8110876776563583]
[0.7404109411536244, 0.7320382305835877, 0.7982281296524287, 0.8317295244095341]
[0.7180806978707365, 0.7542322782036338, 0.7863195411443396, 0.80252440675505]
