[0.9639713165633537, 0.924631194502921, 0.9798685675898704, 1.0]
[0.46954567341959724, 0.344113338495998, 0.6009006835631922, 1.0]
[0.6334510065607761, 0.38622032013458496, 0.7016330396287189, 0.9807094272527266]
[0.5937231529104589, 0.7913282083825817, 0.6786827036651835, 0.6882061950079884]
[0.5627208723547942, 0.8137134650497458, 0.7417549354655047, 0.7789767781971152]
[0.6787538897827247, 0.7508002000674258, 0.8430228776285796, 0.9817432268655407]
[0.7580541026222354, 0.842714840172333, 0.8938308145791952, 0.9741960962842877]
[0.7456227508924057, 0.7954016686809838, 0.9091935655593116, 0.9627298449407014]
[0.8685947968838114, 0.9076527273226034, 0.9331452199860412, 0.9740220190526323]
[0.8853885841162339, 0.8856842470046632, 0.8838303288751614, 0.9757770253559078]
[0.8634417858147281, 0.898719566819214, 0.9283179504087664, 0.9740488471993032]
[0.8435476975827099, 0.9066369643377524, 0.9099448426163882, 0.9474410655060477]
[0.7944651318181125, 0.806238362202453, 0.9122399595787102, 0.9221919618636721]
[0.8358160561317509, 0.8366075952821543, 0.8833724945142697, 0.9420346929206346]
[0.8016980205817207, 0.8259031008066955, 0.8596464924358028, 0.8577771963389054]
[0.8057321688989246, 0.8000852362513555, 0.8612685738360554, 0.9022000826657182]
[0.8486371385759507, 0.8014301563817932, 0.8401578183524535, 0.9064130918800843]
[0.7904143534071185, 0.8144937370133539, 0.8541774828618651, 0.893879943621141]
[0.7751821777744451, 0.764832427301113, 0.8192492684589319, 0.8854483955660245]
[0.7832830368284377, 0.8034458281998157, 0.8225766713441413, 0.8596227753159242]
[0.7545479805298277, 0.8147218131315463, 0.8321175974992334, 0.8770328191676872]
[0.7679906796984998, 0.8015394087026505, 0.8374168582309431, 0.8509479218128216]
[0.7998072432601783, 0.7735886645419155, 0.8645794077922744, 0.8562776167089423]
[0.7863330587403593, 0.7916098127409122, 0.8566716728461532, 0.8717993485619916]
[0.7706528799766835, 0.7727171705506002, 0.8452544968367045, 0.8534380478472662]
[0.7848822452801346, 0.7777758393728932, 0.8218519684927611, 0.8620491775302085]
[0.748116856362702, 0.7660941178009382, 0.7995510217997056, 0.8393134189782947]
[0.768077705040056, 0.7626826151374819, 0.8175017090236155, 0.8347498371984653]
[0.7644271071483357, 0.7552410575123223, 0.8238518930637807, 0.8355639160756284]
[0.756319862749031, 0.753705088871165, 0.8015991647026965, 0.8495707085255411]
[0.7498968675210806, 0.7058134191493255, 0.7895167542980438, 0.8280593275309617]
[0.776529087363951, 0.7514232299252299, 0.7977065461182483, 0.8828042118373934]
[0.7963284823037463, 0.7528351194085243, 0.8368256892872827, 0.8147876144879616]
[0.7763247263584142, 0.7738183283408856, 0.780706858166362, 0.7777630933125442]
[0.7668821469580334, 0.7736163975879489, 0.7924254158950718, 0.818811047683242]
[0.7374408581238423, 0.7311611843291594, 0.7840572659708247, 0.8202006018203946]
[0.722225831312576, 0.7635279025160521, 0.7788270021139466, 0.8169474570185243]
[0.776265355271685, 0.7421907548622044, 0.7833450660825585, 0.8358344315439895]
