[0.43683801176089343, 0.9798685675898705, 0.9799939179095319, 0.4412872171159694, 0.9798685675898704]
[0.7992799895566635, 0.6152178820995171, 0.5189263380936848, 0.4518205028258513, 0.45800017357415085]
[0.5381719702346205, 0.6935995458944362, 0.716586916944349, 0.671611368869363, 0.6839702617044873]
[0.6649599134328134, 0.7560703514262217, 0.8371237286112894, 0.6891324797138005, 0.6086217492901136]
[0.9955949495953789, 0.7329679930100091, 0.7530550025420246, 0.6395148086363809, 0.7032324358029174]
[0.7457341580812339, 0.7716991787873898, 0.7640271840845635, 0.8921809426005639, 0.7874175053803132]
[0.8400189012783948, 0.8367406006498692, 0.8241282433659897, 0.7956144483448911, 0.8201695188462105]
[0.9198742440336182, 0.9021506839446395, 0.890883867388025, 0.9645023807479871, 0.9025009363676115]
[0.8651200189984208, 0.8891304558779631, 0.8382295980394429, 0.8786096249794104, 0.8208134461919758]
[0.860799254519232, 0.8967724644888901, 0.8730232615135352, 0.9248744632703187, 0.8600898287889759]
[0.8551920578118948, 0.8596836477262358, 0.84947978850627, 0.8650299844834891, 0.8918753225276211]
[0.845757782685446, 0.8188447648328606, 0.8640901054491881, 0.8748785869247996, 0.8637163373239736]
[0.8769869931742714, 0.8355605837280939, 0.852038689386159, 0.9045275846145342, 0.9064334693554071]
[0.8705219273197069, 0.8247116134622482, 0.8203720433112996, 0.842179708275457, 0.8849757074467991]
[0.8342817460249097, 0.8680578560205396, 0.8908029481405517, 0.8835732809443008, 0.8562862378064787]
[0.8420806124436162, 0.7935023927575044, 0.8866998634892975, 0.849382623001922, 0.8406147709997258]
[0.8308192515843367, 0.8517426058787816, 0.818473050874425, 0.8204188716925361, 0.8470364843516371]
[0.8146419605631807, 0.8008549958836857, 0.8239844374843359, 0.8445044855787034, 0.8513655630739124]
[0.8102776213696727, 0.8411733144549992, 0.8223101443749753, 0.8232000996540552, 0.8248614821117273]
[0.8195415154285782, 0.7909693251323265, 0.8015827124969873, 0.8375954311061835, 0.829169143348701]
[0.8166937053739376, 0.8279417423403047, 0.7886748021619033, 0.7981096653977614, 0.7803494010034209]
[0.8091876535295259, 0.7940575712763491, 0.8551013653072776, 0.8238468320082483, 0.8452335249210529]
[0.8270350126344298, 0.8208188522112492, 0.822435134986685, 0.7921954084518253, 0.772346490704858]
[0.7928057159713648, 0.8328804795203514, 0.7675959611467937, 0.7906773423362543, 0.7778114395880519]
[0.7685637392523318, 0.7688238432494112, 0.823358467956854, 0.7683525106931217, 0.7877405242009298]
[0.7777506231571708, 0.7519427040313262, 0.7874324476221335, 0.8181237725177898, 0.8076278106996689]
[0.7933899686666867, 0.7674760309816792, 0.7765652367307724, 0.7913167043019038, 0.7886798769482269]
[0.7867396760620714, 0.7989929064516911, 0.7669776267528835, 0.8183572255868851, 0.7753866823117299]
[0.7931828137913474, 0.7838286136536616, 0.7744911475453982, 0.7665411513496558, 0.7764461371500218]
[0.778790681735162, 0.780409514922715, 0.7712375444804562, 0.7426729607211492, 0.7876458691370087]
[0.773031963690864, 0.809591163242704, 0.7546888519622708, 0.7625327606125001, 0.7777438080957606]
[0.7168335390621519, 0.7514878276550898, 0.7683249466834723, 0.7997729907065552, 0.7577754236030163]
[0.7799049908346416, 0.7782133892233399, 0.7966107459178998, 0.7439893147135623, 0.7878667697708265]
[0.7826362593309577, 0.7640223183125546, 0.749965428630729, 0.7567585223324741, 0.7704236803719334]
[0.7485606842511167, 0.7409976067203528, 0.7533915536713356, 0.7726106377620241, 0.7781523777495922]
[0.7771030390403868, 0.7499918102323261, 0.7518336049424239, 0.7766249079962748, 0.772473515757071]
[0.7725682324918728, 0.7709616194483251, 0.7610747143979838, 0.7686944071988593, 0.7783346551197308]
[0.7690102402589856, 0.7607363715351781, 0.7640059629659527, 0.7620946709477495, 0.7805967044611899]
