[0.5457186273345787, 0.5598520534959882, 0.7201124862731619, 0.7768183590550847, 0.6060012164478473]
[0.692445380815113, 0.466251338283883, 0.5747613143981621, 0.5331989538391548, 0.5236330253660748]
[0.6783469259150662, 0.5419496578652719, 0.6737335913409624, 0.7331850318326374, 0.4967847287251819]
[0.8410067278609534, 0.7233827951157403, 0.8134352756898401, 0.7105316357535686, 0.8203652192323542]
[0.7613247353132266, 0.8237549940535567, 0.7166008471541324, 0.7883118187293499, 0.7506746232034597]
[0.840069830677934, 0.8081141893469823, 0.7104025588942364, 0.7726016776186959, 0.8381045454306552]
[0.8132440392496083, 0.7912639783284804, 0.8206379765973021, 0.8443884483229691, 0.8215816118519248]
[0.7952760232081459, 0.7835990984515228, 0.7860033106925718, 0.8476809189522607, 0.8335068303144265]
[0.9144745908272605, 0.831847577360232, 0.8605157813841816, 0.7407133254633803, 0.8709111164803164]
[0.8956382215439286, 0.8425331123423901, 0.7764380440524774, 0.8196513890589995, 0.8227585867312126]
[0.8276477182705287, 0.8383556245066672, 0.8316690730206289, 0.8513229290899412, 0.8647978458319237]
[0.8413735138662166, 0.8633936591352275, 0.8468558265892592, 0.8493601206994542, 0.8037118136605728]
[0.7983166618564526, 0.8212039204028814, 0.8310095488200047, 0.7865183876852451, 0.8019150190255755]
[0.8167574930527641, 0.80771322581222, 0.7801247340083574, 0.8352373890595959, 0.823897752230085]
[0.8023595983609118, 0.7738264871115333, 0.8199670548444973, 0.8478865797446403, 0.8588161158361605]
[0.8671749589042501, 0.8336728083740786, 0.7785617103082805, 0.8265110071128097, 0.8182622298497235]
[0.7889255483186792, 0.7797737185993194, 0.7684525022442695, 0.8427173771192978, 0.7712513643165383]
[0.8138648667451729, 0.7918852806915583, 0.8072303306794434, 0.7856547612292252, 0.7899024272348513]
[0.7781672566573443, 0.8240281985994097, 0.7958162429977494, 0.8041811758143197, 0.8109750833554316]
[0.7842481208193789, 0.776543693611284, 0.7720973351696552, 0.8043412179520739, 0.8224370199669345]
[0.7888183855314839, 0.7696603077750955, 0.8097338007554941, 0.7989025511732376, 0.8225750917010775]
[0.8150061756425037, 0.7762085897670098, 0.7995882374177314, 0.803677666124167, 0.7856830642165992]
[0.7720521784843689, 0.7780176278421287, 0.8088125530992807, 0.8047423823870054, 0.7516744733330186]
[0.8183183228294066, 0.8038968550665309, 0.7649398705727644, 0.769998475098739, 0.7646048560979153]
[0.7791866692614562, 0.7379962050224853, 0.7528399290225228, 0.7870826152589061, 0.77374347670054]
[0.7306485554987149, 0.7954159910150369, 0.7679448147833063, 0.7565979297515614, 0.7594955663671548]
[0.7714107397373854, 0.7827624096341422, 0.7851915509603846, 0.763806397377233, 0.7733057437320594]
[0.7511832844104189, 0.7658397169833392, 0.7840387069291926, 0.744838489749833, 0.7658420362959677]
[0.7550751031473861, 0.774946287822537, 0.7391613671669828, 0.7513542649830605, 0.7746434773614241]
[0.7934309418790402, 0.7335911816061691, 0.7352071933913115, 0.7538025950789712, 0.7192816087730174]
[0.7547982771397173, 0.7434748663437433, 0.7690571069116738, 0.7672336548542178, 0.7786176206541937]
[0.7415066118788658, 0.770771443908702, 0.7641438934201679, 0.7553292214256506, 0.7701543968751271]
[0.744340162549733, 0.7602981921728792, 0.7838321637310348, 0.7492316265792723, 0.7371257455072757]
[0.7877844113097647, 0.7584640157902965, 0.7448746044738322, 0.7212562072506544, 0.7706631917021778]
[0.7658559867632175, 0.7451405829799265, 0.7498079644196018, 0.7266735791162496, 0.715923742536559]
[0.7732801408699932, 0.7297398566333108, 0.7521380199379446, 0.749493612964552, 0.7622808511636642]
[1.0, 0.39829033823850496, 0.05914238113363897, 0.35905877727845187, 0.4244062045099725]
[0.9749570123119886, 0.5893782185484613, 0.44132043764241524, 0.5227468453002301, 0.8079466935826538]
[0.5457186273345787, 0.5598520534959882, 0.7201124862731619, 0.7768183590550847, 0.6060012164478473]
[0.692445380815113, 0.466251338283883, 0.5747613143981621, 0.5331989538391548, 0.5236330253660748]
[0.6783469259150662, 0.5419496578652719, 0.6737335913409624, 0.7331850318326374, 0.4967847287251819]
[0.8410067278609534, 0.7233827951157403, 0.8134352756898401, 0.7105316357535686, 0.8203652192323542]
[0.7613247353132266, 0.8237549940535567, 0.7166008471541324, 0.7883118187293499, 0.7506746232034597]
[0.840069830677934, 0.8081141893469823, 0.7104025588942364, 0.7726016776186959, 0.8381045454306552]
[0.8132440392496083, 0.7912639783284804, 0.8206379765973021, 0.8443884483229691, 0.8215816118519248]
[0.7952760232081459, 0.7835990984515228, 0.7860033106925718, 0.8476809189522607, 0.8335068303144265]
[0.9144745908272605, 0.831847577360232, 0.8605157813841816, 0.7407133254633803, 0.8709111164803164]
[0.8956382215439286, 0.8425331123423901, 0.7764380440524774, 0.8196513890589995, 0.8227585867312126]
[0.8276477182705287, 0.8383556245066672, 0.8316690730206289, 0.8513229290899412, 0.8647978458319237]
[0.8413735138662166, 0.8633936591352275, 0.8468558265892592, 0.8493601206994542, 0.8037118136605728]
[0.7983166618564526, 0.8212039204028814, 0.8310095488200047, 0.7865183876852451, 0.8019150190255755]
[0.8167574930527641, 0.80771322581222, 0.7801247340083574, 0.8352373890595959, 0.823897752230085]
[0.8023595983609118, 0.7738264871115333, 0.8199670548444973, 0.8478865797446403, 0.8588161158361605]
[0.8671749589042501, 0.8336728083740786, 0.7785617103082805, 0.8265110071128097, 0.8182622298497235]
[0.7889255483186792, 0.7797737185993194, 0.7684525022442695, 0.8427173771192978, 0.7712513643165383]
[0.8138648667451729, 0.7918852806915583, 0.8072303306794434, 0.7856547612292252, 0.7899024272348513]
[0.7781672566573443, 0.8240281985994097, 0.7958162429977494, 0.8041811758143197, 0.8109750833554316]
[0.7842481208193789, 0.776543693611284, 0.7720973351696552, 0.8043412179520739, 0.8224370199669345]
[0.7888183855314839, 0.7696603077750955, 0.8097338007554941, 0.7989025511732376, 0.8225750917010775]
[0.8150061756425037, 0.7762085897670098, 0.7995882374177314, 0.803677666124167, 0.7856830642165992]
[0.7720521784843689, 0.7780176278421287, 0.8088125530992807, 0.8047423823870054, 0.7516744733330186]
[0.8183183228294066, 0.8038968550665309, 0.7649398705727644, 0.769998475098739, 0.7646048560979153]
[0.7791866692614562, 0.7379962050224853, 0.7528399290225228, 0.7870826152589061, 0.77374347670054]
[0.7306485554987149, 0.7954159910150369, 0.7679448147833063, 0.7565979297515614, 0.7594955663671548]
[0.7714107397373854, 0.7827624096341422, 0.7851915509603846, 0.763806397377233, 0.7733057437320594]
[0.7511832844104189, 0.7658397169833392, 0.7840387069291926, 0.744838489749833, 0.7658420362959677]
[0.7550751031473861, 0.774946287822537, 0.7391613671669828, 0.7513542649830605, 0.7746434773614241]
[0.7934309418790402, 0.7335911816061691, 0.7352071933913115, 0.7538025950789712, 0.7192816087730174]
[0.7547982771397173, 0.7434748663437433, 0.7690571069116738, 0.7672336548542178, 0.7786176206541937]
[0.7415066118788658, 0.770771443908702, 0.7641438934201679, 0.7553292214256506, 0.7701543968751271]
[0.744340162549733, 0.7602981921728792, 0.7838321637310348, 0.7492316265792723, 0.7371257455072757]
[0.7877844113097647, 0.7584640157902965, 0.7448746044738322, 0.7212562072506544, 0.7706631917021778]
[0.7658559867632175, 0.7451405829799265, 0.7498079644196018, 0.7266735791162496, 0.715923742536559]
[0.7732801408699932, 0.7297398566333108, 0.7521380199379446, 0.749493612964552, 0.7622808511636642]
