[0.43683801176089343, 0.9798685675898705, 0.9799939179095319, 0.4412872171159694, 0.9798685675898704]
[0.7992799895566635, 0.6152178820995171, 0.5189263380936848, 0.4518205028258513, 0.45800017357415085]
[0.5381719702346205, 0.6935995458944362, 0.716586916944349, 0.671611368869363, 0.6839702617044873]
[0.6649599134328134, 0.7560703514262217, 0.8371237286112894, 0.6891324797138005, 0.6086217492901136]
[0.9955949495953789, 0.7329679930100091, 0.7530550025420246, 0.6395148086363809, 0.7032324358029174]
[0.7457341580812339, 0.7716991787873898, 0.7640271840845635, 0.8921809426005639, 0.7874175053803132]
[0.8400189012783948, 0.8367406006498692, 0.8241282433659897, 0.7956144483448911, 0.8201695188462105]
[0.9198742440336182, 0.9021506839446395, 0.890883867388025, 0.9645023807479871, 0.9025009363676115]
[0.8651200189984208, 0.8891304558779631, 0.8382295980394429, 0.8786096249794104, 0.8208134461919758]
[0.860799254519232, 0.8967724644888901, 0.8730232615135352, 0.9248744632703187, 0.8600898287889759]
[0.8551920578118948, 0.8596836477262358, 0.84947978850627, 0.8650299844834891, 0.8918753225276211]
[0.845757782685446, 0.8188447648328606, 0.8640901054491881, 0.8748785869247996, 0.8637163373239736]
[0.8769869931742714, 0.8355605837280939, 0.852038689386159, 0.9045275846145342, 0.9064334693554071]
[0.8705219273197069, 0.8247116134622482, 0.8203720433112996, 0.842179708275457, 0.8849757074467991]
[0.8342817460249097, 0.8680578560205396, 0.8908029481405517, 0.8835732809443008, 0.8562862378064787]
[0.8420806124436162, 0.7935023927575044, 0.8866998634892975, 0.849382623001922, 0.8406147709997258]
[0.8308192515843367, 0.8517426058787816, 0.818473050874425, 0.8204188716925361, 0.8470364843516371]
[0.8146419605631807, 0.8008549958836857, 0.8239844374843359, 0.8445044855787034, 0.8513655630739124]
[0.8102776213696727, 0.8411733144549992, 0.8223101443749753, 0.8232000996540552, 0.8248614821117273]
[0.8195415154285782, 0.7909693251323265, 0.8015827124969873, 0.8375954311061835, 0.829169143348701]
[0.8166937053739376, 0.8279417423403047, 0.7886748021619033, 0.7981096653977614, 0.7803494010034209]
[0.8091876535295259, 0.7940575712763491, 0.8551013653072776, 0.8238468320082483, 0.8452335249210529]
[0.8270350126344298, 0.8208188522112492, 0.822435134986685, 0.7921954084518253, 0.772346490704858]
